70
1461.5781,960.20984,600.0,f
1026.2294,1094.5951,-2.9724238,f
1461.5781,960.20984,600.0,f
1586.8208,854.09186,-3.034074,f
1461.5781,960.20984,600.0,f
1238.727,498.51212,0.0,f
1461.5781,960.20984,600.0,f
1660.2411,1515.425,-3.1653786,f
955.51294,699.0758,600.0,f
1026.2294,1094.5951,-2.9724238,f
955.51294,699.0758,600.0,f
1238.727,498.51212,0.0,f
955.51294,699.0758,600.0,f
682.2857,668.0,2.2857144,f
813.12683,1191.0115,600.0,f
1026.2294,1094.5951,-2.9724238,f
813.12683,1191.0115,600.0,f
682.2857,668.0,2.2857144,f
813.12683,1191.0115,600.0,f
299.03134,1526.5186,-2.917379,f
650.36847,1629.5914,600.0,f
1026.2294,1094.5951,-2.9724238,f
650.36847,1629.5914,600.0,f
1189.7161,1757.2152,0.0,f
650.36847,1629.5914,600.0,f
299.03134,1526.5186,-2.917379,f
1362.2444,1721.8027,600.0,f
1026.2294,1094.5951,-2.9724238,f
1362.2444,1721.8027,600.0,f
1189.7161,1757.2152,0.0,f
1362.2444,1721.8027,600.0,f
1660.2411,1515.425,-3.1653786,f
1611.1443,346.42786,600.0,f
1586.8208,854.09186,-3.034074,f
1611.1443,346.42786,600.0,f
1238.727,498.51212,0.0,f
1611.1443,346.42786,600.0,f
1331.06,-103.51913,2.7978141,f
1611.1443,346.42786,600.0,f
2186.792,922.365,3.2785485,f
1918.8375,1293.6912,600.0,f
1586.8208,854.09186,-3.034074,f
1918.8375,1293.6912,600.0,f
2186.792,922.365,3.2785485,f
1918.8375,1293.6912,600.0,f
1660.2411,1515.425,-3.1653786,f
798.60956,234.48508,600.0,f
1238.727,498.51212,0.0,f
798.60956,234.48508,600.0,f
682.2857,668.0,2.2857144,f
798.60956,234.48508,600.0,f
1331.06,-103.51913,2.7978141,f
798.60956,234.48508,600.0,f
251.9579,378.61053,0.0,f
356.96982,880.9832,600.0,f
682.2857,668.0,2.2857144,f
356.96982,880.9832,600.0,f
251.9579,378.61053,0.0,f
356.96982,880.9832,600.0,f
299.03134,1526.5186,-2.917379,f
1918.8375,1293.6912,600.0,f
1147.3638,2300.3716,-6.4503937,f
650.36847,1629.5914,600.0,f
1147.3638,2300.3716,-6.4503937,f
1362.2444,1721.8027,600.0,f
1147.3638,2300.3716,-6.4503937,f
1461.5781,960.20984,600.0,f
2186.792,922.365,3.2785485,f
813.12683,1191.0115,600.0,f
1189.7161,1757.2152,0.0,f
