36
955.51294,699.0758,600.0,f
1461.5781,960.20984,600.0,f
1461.5781,960.20984,600.0,f
813.12683,1191.0115,600.0,f
955.51294,699.0758,600.0,f
813.12683,1191.0115,600.0,f
1461.5781,960.20984,600.0,f
1611.1443,346.42786,600.0,f
955.51294,699.0758,600.0,f
1611.1443,346.42786,600.0,f
813.12683,1191.0115,600.0,f
356.96982,880.9832,600.0,f
955.51294,699.0758,600.0,f
356.96982,880.9832,600.0,f
356.96982,880.9832,600.0,f
798.60956,234.48508,600.0,f
955.51294,699.0758,600.0,f
798.60956,234.48508,600.0,f
1611.1443,346.42786,600.0,f
798.60956,234.48508,600.0,f
1461.5781,960.20984,600.0,f
1918.8375,1293.6912,600.0,f
1918.8375,1293.6912,600.0,f
1362.2444,1721.8027,600.0,f
1461.5781,960.20984,600.0,f
1362.2444,1721.8027,600.0,f
1918.8375,1293.6912,600.0,f
1611.1443,346.42786,600.0,f
813.12683,1191.0115,600.0,f
1362.2444,1721.8027,600.0,f
650.36847,1629.5914,600.0,f
813.12683,1191.0115,600.0,f
650.36847,1629.5914,600.0,f
1362.2444,1721.8027,600.0,f
650.36847,1629.5914,600.0,f
356.96982,880.9832,600.0,f
